tweet_id,favorite_count,retweet_count
892420643555336193,38298,8398
892177421306343426,32820,6196
891815181378084864,24716,4100
891689557279858688,41625,8528
891327558926688256,39789,9244
891087950875897856,19982,3075
890971913173991426,11696,2041
890729181411237888,64631,18636
890609185150312448,27463,4215
890240255349198849,31515,7290
890006608113172480,30278,7239
889880896479866881,27438,4914
889665388333682689,47521,9931
889638837579907072,26829,4486
889531135344209921,14912,2212
889278841981685760,24932,5315
888917238123831296,28716,4442
888804989199671297,25240,4244
888554962724278272,19604,3508
888078434458587136,21480,3452
887705289381826560,29789,5321
887517139158093824,45682,11516
887473957103951883,68235,17956
887343217045368832,33255,10274
887101392804085760,30171,5890
886983233522544640,34712,7678
886736880519319552,11899,3246
886680336477933568,22148,4407
886366144734445568,20921,3162
886267009285017600,116,4
886258384151887873,27645,6205
886054160059072513,0,105
885984800019947520,32279,6720
885528943205470208,35535,6348
885518971528720385,20175,3709
885311592912609280,0,18368
885167619883638784,21665,4330
884925521741709313,76538,18095
884876753390489601,27581,5597
884562892145688576,24017,4698
884441805382717440,26668,5586
884247878851493888,72151,20220
884162670584377345,20118,2950
883838122936631299,21638,3408
883482846933004288,45376,9831
883360690899218434,22306,3636
883117836046086144,36747,6600
882992080364220416,23672,3873
882762694511734784,27971,4861
882627270321602560,27573,6020
882268110199369728,44422,11464
882045870035918850,28994,4916
881906580714921986,24025,3358
881666595344535552,49967,10543
881633300179243008,125,7
881536004380872706,48857,15778
881268444196462592,22815,5111
880935762899988482,16813,2754
880872448815771648,21022,3777
880465832366813184,28202,6209
880221127280381952,26747,4171
880095782870896641,27325,4312
879862464715927552,22070,3462
879674319642796034,309,10
879492040517615616,23152,3154
879415818425184262,104672,43761
879376492567855104,16589,3092
879130579576475649,0,6763
879050749262655488,22323,4677
879008229531029506,18774,2669
878776093423087618,19192,4088
878604707211726852,29930,7128
878404777348136964,0,1280
878316110768087041,0,6594
878281511006478336,7660,1280
878057613040115712,41563,6763
877736472329191424,78857,18914
877611172832227328,0,80
877556246731214848,22462,3775
877316821321428993,27067,5131
877201837425926144,26810,5536
876838120628539392,20437,3316
876537666061221889,23229,4589
876484053909872640,18551,2378
876120275196170240,27612,4657
875747767867523072,24930,4263
875144289856114688,21697,4896
875097192612077568,27133,6008
875021211251597312,25206,4685
874680097055178752,27547,4614
874434818259525634,0,14659
874296783580663808,25813,4086
874057562936811520,22440,3937
874012996292530176,34289,10377
873580283840344065,24002,3933
873337748698140672,0,1583
873213775632977920,7174,1583
872967104147763200,27142,5391
872820683541237760,14596,3688
872620804844003328,20616,3690
872486979161796608,40367,8994
872261713294495745,33956,6309
872122724285648897,34208,8113
871879754684805121,37766,11180
871762521631449091,20151,3475
871515927908634625,20094,3453
871166179821445120,0,5707
871102520638267392,20804,5510
871032628920680449,22538,3822
870804317367881728,33453,6224
870726314365509632,119,3
870656317836468226,12362,2656
870374049280663552,82378,26312
870308999962521604,21743,4169
870063196459192321,36558,8392
869772420881756160,42302,10083
869702957897576449,28182,6376
869596645499047938,15940,3146
869227993411051520,20403,3809
868880397819494401,65612,14610
868639477480148993,0,2113
868622495443632128,26872,5486
868552278524837888,10142,2113
867900495410671616,24192,4215
867774946302451713,34037,7410
867421006826221569,16139,2535
867072653475098625,0,123
867051520902168576,32316,7954
866720684873056260,20142,4869
866686824827068416,19387,3531
866450705531457537,122689,35735
866334964761202691,52802,14659
866094527597207552,0,8493
865718153858494464,25744,5696
865359393868664832,26615,5075
865006731092295680,28172,7805
864873206498414592,32487,8859
864279568663928832,14723,3090
864197398364647424,30373,9102
863907417377173506,20779,4217
863553081350529029,15418,4250
863471782782697472,0,2507
863432100342583297,24005,5366
863427515083354112,2281,99
863079547188785154,8839,1120
863062471531167744,8607,2507
862831371563274240,19346,5186
862722525377298433,17227,3599
862457590147678208,20757,5060
862096992088072192,75352,23811
861383897657036800,36456,10934
861288531465048066,17379,4251
861005113778896900,16907,3890
860981674716409858,0,2214
860924035999428608,0,843
860563773140209665,7594,2214
860524505164394496,23919,5401
860276583193509888,18529,3562
860184849394610176,16904,5981
860177593139703809,0,31661
859924526012018688,19805,4203
859851578198683649,15602,3603
859607811541651456,18841,1614
859196978902773760,91284,31069
859074603037188101,34387,13986
858860390427611136,0,8382
858843525470990336,15764,3576
858471635011153920,21833,4997
858107933456039936,15974,3005
857989990357356544,16382,2663
857746408056729600,34861,10978
857393404942143489,6015,1695
857263160327368704,20367,4672
857214891891077121,233,18
857062103051644929,0,177
857029823797047296,19287,4142
856602993587888130,0,11075
856543823941562368,16582,2983
856526610513747968,12071,1944
856330835276025856,0,702
856288084350160898,525,17
856282028240666624,28292,6553
855862651834028034,354,28
855860136149123072,5157,1073
855857698524602368,12101,2196
855851453814013952,46384,18389
855818117272018944,27175,5644
855459453768019968,30611,8550
855245323840757760,0,6228
855138241867124737,0,48
854732716440526848,23414,6375
854482394044301312,30077,7180
854365224396361728,19379,4896
854120357044912130,32814,7826
854010172552949760,16636,3303
853760880890318849,29387,6075
853639147608842240,35881,10625
853299958564483072,15976,3744
852936405516943360,0,2113
852912242202992640,9338,1933
852672615818899456,15381,2268
852553447878664193,16893,3702
852311364735569921,34194,10412
852226086759018497,20657,7162
852189679701164033,11837,1668
851953902622658560,0,10166
851861385021730816,0,23
851591660324737024,16744,3659
851464819735769094,25125,7471
851224888060895234,21405,6044
850753642995093505,32131,9818
850380195714523136,13529,2769
850333567704068097,3554,354
850145622816686080,16931,4051
850019790995546112,21218,5187
849776966551130114,31620,8047
849668094696017920,0,5255
849412302885593088,16485,3331
849336543269576704,11865,1999
849051919805034497,44141,9051
848690551926992896,26205,4583
848324959059550208,25745,4889
848213670039564288,8498,793
848212111729840128,16987,3269
847978865427394560,0,3461
847971574464610304,0,458
847962785489326080,24473,5427
847842811428974592,5708,1429
847617282490613760,7296,451
847606175596138505,19559,3612
847251039262605312,21312,4570
847157206088847362,20827,6236
847116187444137987,22339,3400
846874817362120707,20963,4184
846514051647705089,46627,12392
846505985330044928,14756,3298
846153765933735936,33123,9675
846139713627017216,32240,10526
846042936437604353,16703,3089
845812042753855489,30647,9342
845677943972139009,26247,5109
845397057150107648,7981,1938
845306882940190720,24395,5765
845098359547420673,0,8199
844979544864018432,14258,2763
844973813909606400,15817,3439
844704788403113984,40531,11075
844580511645339650,17250,3370
844223788422217728,14278,2350
843981021012017153,15837,3129
843856843873095681,22428,4957
843604394117681152,17701,2949
843235543001513987,22508,6490
842846295480000512,15950,3854
842765311967449089,7079,1365
842535590457499648,18984,3759
842163532590374912,25695,6228
842115215311396866,14704,3252
841833993020538882,0,16492
841680585030541313,26908,8320
841439858740625411,13266,3940
841320156043304961,20741,5833
841314665196081154,16634,5042
841077006473256960,24058,5707
840761248237133825,0,1889
840728873075638272,0,17434
840698636975636481,190,2
840696689258311684,12926,1056
840632337062862849,9425,1889
840370681858686976,17306,4898
840268004936019968,20281,6172
839990271299457024,14133,2472
839549326359670784,28965,8382
839290600511926273,0,154
839239871831150596,28629,7048
838952994649550848,20661,4281
838921590096166913,11768,2235
838916489579200512,0,36
838831947270979586,0,11943
838561493054533637,11499,1429
838476387338051585,23825,5197
838201503651401729,0,10908
838150277551247360,1769,354
838085839343206401,149,0
838083903487373313,18584,3401
837820167694528512,36048,8493
837482249356513284,4044,479
837471256429613056,13499,2479
837366284874571778,22296,5726
837110210464448512,16907,2593
836989968035819520,13437,2480
836753516572119041,20292,4993
836677758902222849,13302,2402
836648853927522308,0,593
836397794269200385,0,29885
836380477523124226,15546,3200
836260088725786625,22447,4640
836001077879255040,20181,4644
835685285446955009,0,8848
835574547218894849,18803,3923
835536468978302976,0,1845
835309094223372289,0,22768
835297930240217089,17344,3236
835264098648616962,8198,1845
835246439529840640,2204,78
835172783151792128,27623,6226
835152434251116546,23733,3272
834931633769889797,11457,1790
834786237630337024,22347,5927
834574053763584002,14491,2748
834477809192075265,0,11578
834458053273591808,10181,1817
834209720923721728,21805,5193
834167344700198914,16671,3940
834089966724603904,10627,2305
834086379323871233,13826,2407
833863086058651648,14191,2609
833826103416520705,16236,3733
833732339549220864,0,235
833722901757046785,21888,3486
833479644947025920,15720,2245
833124694597443584,21375,5255
832998151111966721,14078,2408
832769181346996225,0,40
832757312314028032,17810,3941
832682457690300417,12579,3189
832645525019123713,3090,563
832636094638288896,16793,3040
832397543355072512,12661,2417
832369877331693569,18159,3461
832273440279240704,11979,2534
832215909146226688,0,6731
832215726631055365,0,10200
832088576586297345,70,2
832040443403784192,0,10579
832032802820481025,18893,5061
831939777352105988,25434,6673
831926988323639298,362,35
831911600680497154,29331,7101
831670449226514432,11069,1974
831650051525054464,7612,2113
831552930092285952,9546,2497
831322785565769729,9734,1663
831315979191906304,6912,1214
831309418084069378,12430,2658
831262627380748289,12627,2233
830956169170665475,8456,1629
830583320585068544,71015,18368
830173239259324417,0,6222
830097400375152640,10427,3280
829878982036299777,0,5475
829861396166877184,12980,2135
829501995190984704,33706,11578
829449946868879360,11108,2209
829374341691346946,36763,10166
829141528400556032,26032,8087
829011960981237760,56300,17677
828801551087042563,0,3713
828770345708580865,27154,6420
828708714936930305,38911,12262
828650029636317184,10094,1471
828409743546925057,6682,1255
828408677031882754,8122,1403
828381636999917570,13420,2425
828376505180889089,7851,1161
828372645993398273,13319,3205
828361771580813312,2334,184
828046555563323392,12514,3125
828011680017821696,11023,2343
827933404142436356,21428,5706
827653905312006145,16410,3285
827600520311402496,7876,1035
827324948884643840,16903,3347
827199976799354881,11255,2454
826958653328592898,22965,5475
826848821049180160,38827,11183
826615380357632002,0,4315
826598799820865537,5443,279
826598365270007810,10727,2566
826476773533745153,19605,4581
826240494070030336,14128,2828
826204788643753985,5197,1018
826115272272650244,16702,3428
825876512159186944,11145,2043
825829644528148480,13574,2724
825535076884762624,55468,18825
825147591692263424,19509,5006
825120256414846976,0,1407
825026590719483904,6766,1407
824796380199809024,0,6013
824775126675836928,15946,3858
824663926340194305,10737,1900
824325613288833024,12557,11371
824297048279236611,16053,4233
824025158776213504,5092,646
823939628516474880,11366,2971
823719002937630720,0,12309
823699002998870016,13420,2653
823581115634085888,13904,2897
823333489516937216,747,29
823322678127919110,16798,4402
823269594223824897,0,10817
822975315408461824,18461,3770
822872901745569793,141351,48128
822859134160621569,14106,2498
822647212903690241,0,7047
822610361945911296,15770,3248
822489057087389700,19377,7047
822462944365645825,30448,16107
822244816520155136,37430,10817
822163064745328640,0,5277
821886076407029760,12141,2570
821813639212650496,0,3664
821765923262631936,9009,1826
821522889702862852,8580,1940
821421320206483457,0,6150
821407182352777218,12596,4783
821153421864615936,273,10
821149554670182400,9334,2210
821107785811234820,10260,2338
821044531881721856,13544,2515
820837357901512704,0,7355
820749716845686786,33745,10908
820690176645140481,13049,3546
820494788566847489,0,624
820446719150292993,0,2840
820314633777061888,3570,624
820078625395449857,21200,6904
820013781606658049,0,1304
819952236453363712,5696,1304
819924195358416896,13764,5323
819711362133872643,14418,3451
819588359383371776,10227,2162
819347104292290561,7733,1326
819238181065359361,2444,446
819227688460238848,24725,7355
819015337530290176,0,40325
819015331746349057,0,20789
819006400881917954,48333,20789
819004803107983360,92482,40325
818646164899774465,0,22974
818627210458333184,23775,8198
818614493328580609,10569,2840
818588835076603904,0,6761
818536468981415936,11688,2730
818307523543449600,0,8953
818259473185828864,11820,2520
818145370475810820,13164,2864
817908911860748288,5187,866
817827839487737858,55599,29885
817777686764523521,11465,2942
817536400337801217,12644,3343
817502432452313088,0,3734
817423860136083457,36699,16492
817415592588222464,6020,1061
817181837579653120,0,9377
817171292965273600,9357,2213
817120970343411712,13055,2889
817056546584727552,9196,1820
816829038950027264,0,5198
816816676327063552,10720,2242
816697700272001025,10517,2435
816450570814898180,32804,8953
816336735214911488,9230,2154
816091915477250048,9581,2375
816062466425819140,0,1148
816014286006976512,0,5864
815990720817401858,5362,1148
815966073409433600,24092,9377
815745968457060357,0,4561
815736392542261248,10559,2505
815639385530101762,8820,1814
815390420867969024,11103,4199
814986499976527872,8201,1426
814638523311648768,12109,2991
814578408554463233,0,6406
814530161257443328,9299,2046
814153002265309185,30887,9592
813944609378369540,0,3533
813910438903693312,9978,2080
813812741911748608,39027,15461
813800681631023104,8969,1945
813217897535406080,20076,8051
813202720496779264,9860,1982
813187593374461952,21310,4818
813172488309972993,10029,2112
813157409116065792,8330,2451
813142292504645637,9045,2604
813130366689148928,4800,488
813127251579564032,12746,3452
813112105746448384,11113,3043
813096984823349248,11307,3983
813081950185472002,10612,3055
813066809284972545,8552,2147
813051746834595840,22520,8098
812781120811126785,8149,2111
812747805718642688,0,7664
812709060537683968,7123,1575
812503143955202048,6537,1351
812466873996607488,8592,2122
812372279581671427,14735,4045
811985624773361665,7805,1548
811744202451197953,8122,1780
811647686436880384,6005,823
811627233043480576,13776,3465
811386762094317568,22478,7066
810984652412424192,5733,1582
810896069567610880,9737,1978
810657578271330305,11789,2920
810284430598270976,38166,12618
810254108431155201,15800,3713
809920764300447744,16663,4315
809808892968534016,0,5418
809448704142938112,7453,1622
809220051211603969,21461,6222
809084759137812480,14224,3874
808838249661788160,10868,3361
808733504066486276,8511,2399
808501579447930884,12149,2880
808344865868283904,45760,22974
808134635716833280,0,6583
808106460588765185,9382,2427
808001312164028416,13535,3909
807621403335917568,15694,4075
807106840509214720,121304,59962
807059379405148160,0,8118
807010152071229440,14030,4229
806629075125202948,80926,38591
806620845233815552,0,6108
806576416489959424,5215,2124
806542213899489280,11001,2619
806242860592926720,0,12951
806219024703037440,6911,1324
805958939288408065,0,5959
805932879469572096,8900,2114
805826884734976000,7098,2025
805823200554876929,0,8914
805520635690676224,6175,1823
805487436403003392,9446,2803
805207613751304193,8406,1889
804738756058218496,14805,4268
804475857670639616,6627,2220
804413760345620481,0,3563
804026241225523202,48099,17962
803773340896923648,10823,3067
803692223237865472,0,8222
803638050916102144,11850,4585
803380650405482500,8350,2056
803321560782307329,0,5890
803276597545603072,10801,2738
802952499103731712,9734,2225
802624713319034886,0,3246
802600418706604034,7674,1629
802572683846291456,9630,2773
802323869084381190,17515,6473
802265048156610565,7116,1512
802239329049477120,9793,2882
802185808107208704,0,295
801958328846974976,8324,1890
801854953262350336,1895,260
801538201127157760,8832,2279
801285448605831168,6536,921
801167903437357056,26423,6583
801127390143516673,0,4403
801115127852503040,8719,2316
800859414831898624,745,107
800855607700029440,0,1807
800751577355128832,11317,3076
800513324630806528,14165,3332
800459316964663297,10196,2395
800443802682937345,0,4782
800388270626521089,12023,3106
800188575492947969,0,4368
800141422401830912,16509,2840
800018252395122689,30615,14607
799774291445383169,0,5195
799757965289017345,9066,2399
799422933579902976,8674,2119
799308762079035393,0,6140
799297110730567681,10695,3073
799063482566066176,8740,2729
798933969379225600,14204,4965
798925684722855936,8021,1593
798705661114773508,0,7327
798701998996647937,0,8654
798697898615730177,0,7213
798694562394996736,0,5497
798686750113755136,0,2577
798682547630837760,0,5236
798673117451325440,0,6150
798665375516884993,0,4311
798644042770751489,0,2050
798628517273620480,0,2176
798585098161549313,0,6330
798576900688019456,0,6507
798340744599797760,0,3728
798209839306514432,11205,2835
797971864723324932,12570,3480
797545162159308800,15648,5382
797236660651966464,21587,7355
797165961484890113,248,29
796904159865868288,0,9863
796865951799083009,8284,2110
796759840936919040,12811,3389
796563435802726400,0,8098
796484825502875648,8178,1950
796387464403357696,11884,4613
796177847564038144,0,15866
796149749086875649,34933,15866
796125600683540480,5326,1977
796116448414461957,9799,2686
796080075804475393,9120,2571
796031486298386433,11658,4087
795464331001561088,53784,26410
795400264262053889,10908,3175
795076730285391872,17524,6013
794983741416415232,0,3736
794926597468000259,11100,2559
794355576146903043,0,11407
794332329137291264,10321,2928
794205286408003585,9917,3666
793962221541933056,18160,5418
793845145112371200,9925,2082
793614319594401792,0,3455
793601777308463104,8604,1816
793500921481273345,11543,2643
793286476301799424,26568,10200
793271401113350145,9327,2624
793256262322548741,21563,9242
793241302385262592,11351,3634
793226087023144960,10623,3174
793210959003287553,9639,3120
793195938047070209,16478,6230
793180763617361921,7464,2205
793165685325201412,10145,3085
793150605191548928,6651,1890
793135492858580992,6978,2770
793120401413079041,13696,4333
792913359805018113,15476,4454
792883833364439040,12214,4732
792773781206999040,7928,1861
792394556390137856,14535,4749
792050063153438720,7747,1989
791821351946420224,0,23287
791784077045166082,0,10682
791780927877898241,0,4208
791774931465953280,48714,24593
791672322847637504,12690,3455
791406955684368384,14166,4561
791312159183634433,9479,2817
791026214425268224,0,4560
790987426131050500,10675,2367
790946055508652032,17922,5198
790723298204217344,0,2569
790698755171364864,8840,2111
790581949425475584,22304,7953
790337589677002753,8442,2064
790277117346975746,13520,3533
790227638568808452,0,3954
789986466051088384,9977,2569
789960241177853952,0,4596
789903600034189313,11214,4576
789628658055020548,8113,1971
789599242079838210,7298,2146
789530877013393408,12693,3736
789314372632018944,9275,2550
789280767834746880,0,5477
789268448748703744,9828,2855
789137962068021249,10459,3094
788908386943430656,29539,13714
788765914992902144,29581,11407
788552643979468800,0,7970
788412144018661376,16824,5863
788178268662984705,7805,2342
788150585577050112,6638,1440
788070120937619456,0,3782
788039637453406209,6630,1469
787810552592695296,9360,3374
787717603741622272,11008,3078
787397959788929025,11689,3136
787322443945877504,8399,1928
787111942498508800,0,7414
786963064373534720,28636,8848
786729988674449408,0,2676
786709082849828864,19576,6731
786664955043049472,11494,2839
786595970293370880,10127,3424
786363235746385920,11753,3879
786286427768250368,8596,3163
786233965241827333,16497,5277
786051337297522688,1550,169
786036967502913536,0,7808
785927819176054784,12235,3496
785872687017132033,7197,2019
785639753186217984,8411,2454
785533386513321988,9811,2219
785515384317313025,6562,1389
785264754247995392,7810,1813
785170936622350336,13023,5372
784826020293709826,10910,3563
784517518371221505,9662,2802
784431430411685888,6127,1414
784183165795655680,21650,8914
784057939640352768,32189,12309
783839966405230592,32341,11943
783821107061198850,7928,2171
783695101801398276,11243,3560
783466772167098368,9084,2487
783391753726550016,18155,6085
783347506784731136,0,6182
783334639985389568,31456,12951
783085703974514689,8753,2452
782969140009107456,25936,8118
782747134529531904,8032,1541
782722598790725632,18560,5959
782598640137187329,8366,2067
782305867769217024,17932,6150
782021823840026624,0,6887
781955203444699136,11936,3709
781661882474196992,11239,2985
781655249211752448,4302,1237
781524693396357120,22309,6108
781308096455073793,7662,2807
781251288990355457,9068,2316
781163403222056960,10493,3006
780931614150983680,23254,8098
780858289093574656,7727,2197
780800785462489090,5929,1431
780601303617732608,12987,3664
780543529827336192,6769,1908
780496263422808064,0,4092
780476555013349377,0,128
780459368902959104,5678,1173
780192070812196864,9361,2463
780092040432480260,0,2531
780074436359819264,13157,5504
779834332596887552,20409,7808
779377524342161408,9475,3426
779124354206535695,0,20279
779123168116150273,12683,4010
779056095788752897,15894,4977
778990705243029504,21533,8016
778774459159379968,0,10971
778764940568104960,920,403
778748913645780993,7405,1468
778650543019483137,6196,1643
778624900596654080,4999,1118
778408200802557953,14650,4786
778396591732486144,0,13480
778383385161035776,6266,1211
778286810187399168,11166,3644
778039087836069888,9101,2892
778027034220126208,7040,1783
777953400541634568,0,3873
777885040357281792,6826,1812
777684233540206592,12046,3246
777641927919427584,0,4675
777621514455814149,9415,2741
777189768882946048,15369,4765
776819012571455488,0,15119
776813020089548800,5233,1327
776477788987613185,9496,3085
776249906839351296,0,10070
776218204058357768,32202,17562
776201521193218049,10286,2774
776113305656188928,12599,4782
776088319444877312,1969,167
775898661951791106,0,18036
775842724423557120,12562,2947
775733305207554048,14828,4403
775729183532220416,13841,5021
775364825476165632,7962,3270
775350846108426240,10874,4298
775085132600442880,16656,5195
774757898236878852,9144,1945
774639387460112384,7195,1910
774314403806253056,23328,6140
773985732834758656,11512,4263
773922284943896577,6850,1902
773704687002451968,7071,1801
773670353721753600,5695,1421
773547596996571136,23643,6761
773336787167145985,0,5592
773308824254029826,24882,8199
773247561583001600,10085,3525
773191612633579521,10693,4507
772877495989305348,9183,4250
772826264096874500,8539,2550
772615324260794368,0,3695
772581559778025472,6934,1848
772193107915964416,6423,1516
772152991789019136,4049,1227
772117678702071809,4011,802
772114945936949249,2900,517
772102971039580160,4294,1014
771908950375665664,7042,2085
771770456517009408,12849,3728
771500966810099713,8857,2875
771380798096281600,11264,5592
771171053431250945,0,8289
771136648247640064,9839,3211
771102124360998913,6669,1571
771014301343748096,7354,1812
770787852854652928,5311,1340
770772759874076672,5559,1551
770655142660169732,7832,1905
770414278348247044,6730,2259
770293558247038976,6675,1631
770093767776997377,0,3326
770069151037685760,8109,2524
769940425801170949,33672,10579
769695466921623552,6836,1822
769335591808995329,0,8415
769212283578875904,5768,1873
768970937022709760,15404,7157
768909767477751808,0,2956
768855141948723200,4482,971
768609597686943744,4402,1328
768596291618299904,5370,1398
768554158521745409,0,6369
768473857036525572,14568,3746
768193404517830656,11658,3873
767884188863397888,5074,1534
767754930266464257,17148,5890
767500508068192258,8009,2549
767191397493538821,13119,4168
767122157629476866,10824,3124
766864461642756096,0,6194
766793450729734144,5431,1486
766714921925144576,2783,423
766693177336135680,4316,863
766423258543644672,6432,1744
766313316352462849,7250,2060
766078092750233600,0,2838
766069199026450432,4579,947
766008592277377025,3994,538
765719909049503744,7737,2353
765669560888528897,5550,1329
765395769549590528,28183,3706
765371061932261376,7579,2355
765222098633691136,12412,3695
764857477905154048,6862,1934
764259802650378240,6459,1659
763956972077010945,790,59
763837565564780549,13485,4560
763183847194451968,5770,1611
763167063695355904,0,3294
763103485927849985,7862,2489
762699858130116608,12997,3954
762471784394268675,12059,7084
762464539388485633,11036,4596
762316489655476224,5145,1232
762035686371364864,34173,17024
761976711479193600,5766,2208
761750502866649088,0,4308
761745352076779520,4537,938
761672994376806400,52871,31661
761599872357261312,4405,1282
761371037149827077,0,19579
761334018830917632,5557,1586
761292947749015552,4766,1201
761227390836215808,5675,1698
761004547850530816,12057,3782
760893934457552897,4077,1059
760656994973933572,7053,2101
760641137271070720,5282,1410
760539183865880579,8079,3953
760521673607086080,4507,1521
760290219849637889,28582,12523
760252756032651264,4197,943
760190180481531904,6083,1975
760153949710192640,0,34
759943073749200896,6329,2281
759923798737051648,15659,6194
759846353224826880,7168,2165
759793422261743616,6354,2074
759566828574212096,0,23049
759557299618865152,5017,1281
759447681597108224,9048,2676
759446261539934208,1780,531
759197388317847553,6465,2116
759159934323924993,0,1275
759099523532779520,15496,4558
759047813560868866,6947,2197
758854675097526272,3785,975
758828659922702336,11922,4174
758474966123810816,4073,1080
758467244762497024,5121,2428
758405701903519748,5538,2101
758355060040593408,3659,1185
758099635764359168,20463,10971
758041019896193024,2883,407
757741869644341248,7337,3543
757729163776290825,0,8830
757725642876129280,4832,1326
757611664640446465,4852,1216
757597904299253760,0,318
757596066325864448,4626,1156
757400162377592832,16130,7433
757393109802180609,6217,1903
757354760399941633,4813,1547
756998049151549440,6673,2166
756939218950160384,7085,2185
756651752796094464,5405,1432
756526248105566208,11077,3936
756303284449767430,4208,1180
756288534030475264,45536,19030
756275833623502848,6857,1662
755955933503782912,7816,3144
755206590534418437,17529,5854
755110668769038337,22607,12051
754874841593970688,0,8730
754856583969079297,7321,2754
754747087846248448,2746,570
754482103782404096,5655,2122
754449512966619136,3983,799
754120377874386944,8327,2543
753655901052166144,6222,2371
753420520834629632,8425,3874
753398408988139520,6155,2087
753375668877008896,8119,2531
753298634498793472,0,6278
753294487569522689,3617,1130
753039830821511168,39473,22768
753026973505581056,4140,1059
752932432744185856,13416,7414
752917284578922496,7320,1712
752701944171524096,0,3138
752682090207055872,6374,1746
752660715232722944,4687,1717
752568224206688256,5894,2486
752519690950500352,7849,3745
752334515931054080,4061,1193
752309394570878976,0,18136
752173152931807232,6330,2009
751950017322246144,3272,1014
751937170840121344,5548,1461
751830394383790080,6168,2130
751793661361422336,6230,3170
751598357617971201,8400,3303
751583847268179968,4691,1214
751538714308972544,5353,1378
751456908746354688,3398,1084
751251247299190784,13277,6376
751205363882532864,6709,1990
751132876104687617,5400,1417
750868782890057730,5083,1510
750719632563142656,14034,5477
750506206503038976,4719,1248
750429297815552001,14013,4675
750383411068534784,4823,1232
750381685133418496,733,32
750147208377409536,3288,1051
750132105863102464,3856,1381
750117059602808832,4597,1413
750101899009982464,3232,914
750086836815486976,2307,591
750071704093859840,8355,3622
750056684286914561,3330,971
750041628174217216,3373,672
750026558547456000,2883,858
750011400160841729,3449,991
749996283729883136,3220,879
749981277374128128,5430,2656
749774190421639168,4927,1420
749417653287129088,6471,1813
749403093750648834,2792,594
749395845976588288,9142,3761
749317047558017024,5823,2404
749075273010798592,6125,2240
749064354620928000,5085,1632
749036806121881602,3291,845
748977405889503236,11369,3686
748932637671223296,6204,2450
748705597323898880,2930,1027
748699167502000129,5024,1733
748692773788876800,4497,1443
748575535303884801,6429,2161
748568946752774144,2310,728
748346686624440324,5551,1341
748337862848962560,8155,4472
748324050481647620,3931,832
748307329658011649,3887,772
748220828303695873,14971,8428
747963614829678593,6136,2326
747933425676525569,7020,2763
747885874273214464,3132,1069
747844099428986880,2972,811
747816857231626240,5145,1255
747651430853525504,1460,170
747648653817413632,13656,6324
747600769478692864,2455,594
747594051852075008,3911,1137
747512671126323200,5880,1715
747461612269887489,4099,1117
747439450712596480,5744,2079
747242308580548608,0,3115
747219827526344708,5586,1712
747204161125646336,3578,994
747103485104099331,10145,4318
746906459439529985,3055,321
746872823977771008,6345,2323
746818907684614144,5614,1862
746790600704425984,5161,1715
746757706116112384,10129,4208
746726898085036033,6389,1934
746542875601690625,5325,2016
746521445350707200,0,1062
746507379341139972,4901,1167
746369468511756288,6525,1782
746131877086527488,7306,2378
746056683365994496,3754,885
745789745784041472,4267,1153
745712589599014916,7386,2508
745433870967832576,7508,2743
745422732645535745,9067,2626
745314880350101504,7573,2995
745074613265149952,8284,3809
745057283344719872,7646,2455
744995568523612160,3147,674
744971049620602880,8332,2905
744709971296780288,5913,1680
744334592493166593,7158,2307
744234799360020481,165070,84358
744223424764059648,1795,401
743980027717509120,4386,1172
743895849529389061,3849,1032
743835915802583040,0,2253
743609206067040256,4735,1486
743595368194129920,19514,7078
743545585370791937,3723,1007
743510151680958465,8341,3979
743253157753532416,4478,1308
743222593470234624,6546,2053
743210557239623680,4051,1467
742534281772302336,7443,3835
742528092657332225,4684,2149
742465774154047488,7667,4185
742423170473463808,10395,4092
742385895052087300,7172,2144
742161199639494656,4571,1479
742150209887731712,5424,1681
741793263812808706,4816,1626
741743634094141440,8637,2981
741438259667034112,3876,898
741303864243200000,9260,3486
741099773336379392,10596,5969
741067306818797568,9964,3326
740995100998766593,6751,2982
740711788199743490,3592,1004
740699697422163968,2989,842
740676976021798912,19149,7327
740373189193256964,36692,14316
740365076218183684,2617,471
740359016048689152,3481,921
740214038584557568,7060,2118
739979191639244800,21051,6369
739932936087216128,4278,1161
739844404073074688,3998,917
739623569819336705,4017,1461
739606147276148736,5682,1785
739544079319588864,41884,23049
739485634323156992,7588,3166
739238157791694849,122152,62509
738891149612572673,113,6
738885046782832640,3979,1228
738883359779196928,3525,876
738537504001953792,5372,1681
738402415918125056,3449,911
738184450748633089,4546,1303
738166403467907072,9283,3667
738156290900254721,2677,705
737826014890496000,5554,1898
737800304142471168,10530,3720
737678689543020544,5321,1432
737445876994609152,10867,4800
737322739594330112,3806,872
737310737551491075,15486,7964
736736130620620800,4559,1866
736392552031657984,18719,7970
736365877722001409,4202,1345
736225175608430592,8570,2975
736010884653420544,8333,3200
735991953473572864,3793,1232
735648611367784448,4230,1179
735635087207878657,6514,2535
735274964362878976,13706,5452
735256018284875776,3519,950
735137028879360001,3304,1041
734912297295085568,2882,552
734787690684657664,13232,6771
734776360183431168,2644,583
734559631394082816,1573,424
733828123016450049,3788,834
733822306246479872,3867,1082
733482008106668032,3320,1020
733460102733135873,4432,1373
733109485275860992,51777,18036
732732193018155009,2574,575
732726085725589504,3716,950
732585889486888962,3881,825
732375214819057664,8518,2708
732005617171337216,15730,5864
731285275100512256,3669,1055
731156023742988288,4036,1362
730924654643314689,6450,2122
730573383004487680,5177,2314
730427201120833536,3645,1115
730211855403241472,4023,1134
730196704625098752,5144,2055
729854734790754305,4240,1204
729838605770891264,1795,410
729823566028484608,4192,1328
729463711119904772,6117,2472
729113531270991872,1981,350
728986383096946689,3333,879
728760639972315136,4915,1828
728751179681943552,2924,728
728653952833728512,3492,1116
728409960103686147,5171,2153
728387165835677696,3855,1027
728046963732717569,4530,1259
728035342121635841,4777,1789
728015554473250816,4310,1172
727685679342333952,3093,686
727644517743104000,6206,1872
727524757080539137,4702,1311
727314416056803329,3493,803
727286334147182592,3204,874
727175381690781696,4073,1474
727155742655025152,3823,1417
726935089318363137,7246,2629
726887082820554753,4029,1611
726828223124897792,3736,1080
726224900189511680,4643,1233
725842289046749185,7416,2838
725786712245440512,4380,1456
725729321944506368,5454,1907
725458796924002305,1483,666
724983749226668032,3892,1392
724771698126512129,2489,688
724405726123311104,5579,1763
724049859469295616,4542,1892
724046343203856385,2800,596
724004602748780546,4396,1687
723912936180330496,4089,1310
723688335806480385,8110,3194
723673163800948736,3180,955
723179728551723008,5568,2010
722974582966214656,4322,1684
722613351520608256,5211,1751
721503162398597120,4892,2004
721001180231503872,2658,657
720785406564900865,3277,828
720775346191278080,2604,729
720415127506415616,4337,1597
720389942216527872,6736,2697
720340705894408192,3013,1043
720059472081784833,4083,1208
720043174954147842,5145,2151
719991154352222208,5070,1868
719704490224398336,4798,1557
719551379208073216,5305,2067
719367763014393856,2934,791
719339463458033665,4643,1339
719332531645071360,3588,1025
718971898235854848,3662,1176
718939241951195136,5497,1883
718631497683582976,19858,8654
718613305783398402,2562,517
718540630683709445,2615,1082
718460005985447936,2838,566
718454725339934721,5111,1613
718246886998687744,2027,535
718234618122661888,4069,1074
717841801130979328,2570,635
717790033953034240,3034,1207
717537687239008257,6044,1971
717428917016076293,1685,487
717421804990701568,3306,902
717047459982213120,6581,2037
717009362452090881,3440,1045
716802964044845056,4484,1258
716791146589110272,6265,1533
716730379797970944,1291,457
716447146686459905,13767,6303
716439118184652801,2480,230
716285507865542656,2923,1161
716080869887381504,5137,1865
715928423106027520,3348,937
715758151270801409,3926,1520
715733265223708672,4908,1809
715704790270025728,2939,606
715696743237730304,4104,1380
715680795826982913,4550,1734
715360349751484417,5747,1686
715342466308784130,3176,730
715220193576927233,2537,699
715200624753819648,5382,2018
715009755312439296,4376,1325
714982300363173890,3943,1109
714962719905021952,7727,4572
714957620017307648,4350,1518
714631576617938945,3435,1072
714606013974974464,3805,995
714485234495041536,2846,1240
714258258790387713,3157,766
714251586676113411,3433,903
714214115368108032,2385,940
714141408463036416,4522,1501
713919462244790272,3441,831
713909862279876608,2011,582
713900603437621249,2978,797
713761197720473600,5130,1476
713411074226274305,4632,1382
713177543487135744,7564,3032
713175907180089344,4689,1558
712809025985978368,19550,7213
712717840512598017,12995,5364
712668654853337088,4374,1303
712438159032893441,5593,1674
712309440758808576,256,25
712097430750289920,3998,1106
712092745624633345,3097,962
712085617388212225,3413,519
712065007010385924,2379,667
711998809858043904,0,135
711968124745228288,8479,2470
711743778164514816,2994,1058
711732680602345472,9356,4416
711694788429553666,34514,19579
711652651650457602,4070,980
711363825979756544,3847,1213
711306686208872448,3484,786
711008018775851008,3151,665
710997087345876993,4786,1493
710844581445812225,2675,738
710833117892898816,2828,577
710658690886586372,2431,606
710609963652087808,5047,2517
710588934686908417,4790,2011
710296729921429505,2486,789
710283270106132480,2245,552
710272297844797440,4755,1351
710269109699739648,2530,1208
710153181850935296,3060,961
710140971284037632,2914,958
710117014656950272,5785,2127
709918798883774466,3139,1144
709901256215666688,709,105
709852847387627521,3686,1281
709566166965075968,3728,1295
709556954897764353,3457,1140
709519240576036864,1568,257
709449600415961088,2344,633
709409458133323776,2754,743
709225125749587968,2527,612
709207347839836162,13277,6257
709198395643068416,2544,687
709179584944730112,2121,722
709158332880297985,2150,449
709042156699303936,5007,1758
708853462201716736,1892,704
708845821941387268,3133,961
708834316713893888,1788,541
708810915978854401,17357,7457
708738143638450176,2884,873
708711088997666817,2683,783
708479650088034305,2684,724
708469915515297792,3248,881
708400866336894977,16852,10859
708356463048204288,3806,1436
708349470027751425,2475,790
708149363256774660,4499,1654
708130923141795840,3564,896
708119489313951744,2825,1051
708109389455101952,2030,579
708026248782585858,4595,2054
707995814724026368,3286,1206
707983188426153984,51,2
707969809498152960,2844,1039
707776935007539200,3450,1016
707741517457260545,2627,655
707738799544082433,4316,2650
707693576495472641,3624,1075
707629649552134146,2717,941
707610948723478529,17855,6887
707420581654872064,2394,740
707411934438625280,2402,642
707387676719185920,3696,1398
707377100785885184,3462,1158
707315916783140866,2608,688
707297311098011648,2911,854
707059547140169728,2709,728
707038192327901184,2315,852
707021089608753152,4287,1469
707014260413456384,2432,643
706904523814649856,15357,8415
706901761596989440,2182,643
706681918348251136,3501,1039
706644897839910912,2720,1176
706593038911545345,2275,670
706538006853918722,3645,1515
706516534877929472,3265,1111
706346369204748288,3633,992
706310011488698368,22579,8583
706291001778950144,1794,500
706265994973601792,2877,983
706169069255446529,4117,2387
706166467411222528,5429,1727
706153300320784384,1575,414
705975130514706432,3266,795
705970349788291072,3308,956
705898680587526145,2505,599
705786532653883392,2055,567
705591895322394625,3339,1233
705475953783398401,3115,995
705442520700944385,4693,1769
705428427625635840,4033,1816
705239209544720384,3159,809
705223444686888960,2731,867
705102439679201280,2270,548
705066031337840642,2294,650
704871453724954624,4500,1195
704859558691414016,2383,586
704847917308362754,5392,1644
704819833553219584,2780,1073
704761120771465216,6998,3115
704499785726889984,3102,1073
704491224099647488,808,89
704480331685040129,3584,1138
704364645503647744,8474,3824
704347321748819968,1677,376
704134088924532736,1596,502
704113298707505153,1964,606
704054845121142784,3078,986
703774238772166656,1949,500
703769065844768768,3473,1221
703631701117943808,2736,744
703611486317502464,4073,1631
703425003149250560,4010,1483
703407252292673536,2593,751
703382836347330562,3702,1226
703356393781329922,2020,417
703268521220972544,2079,587
703079050210877440,7792,3334
703041949650034688,27848,13479
702932127499816960,2734,778
702899151802126337,1703,483
702684942141153280,3397,1160
702671118226825216,2317,604
702598099714314240,10914,3515
702539513671897089,3035,1027
702332542343577600,3368,1669
702321140488925184,3461,1107
702276748847800320,2615,819
702217446468493312,5075,1440
701981390485725185,3636,1064
701952816642965504,4021,1100
701889187134500865,3761,1476
701805642395348998,3622,1822
701601587219795968,2205,491
701570477911896070,2980,1005
701545186879471618,2806,659
701214700881756160,12903,5497
700890391244103680,2343,617
700864154249383937,2737,661
700847567345688576,2569,538
700796979434098688,2574,1032
700747788515020802,24106,10070
700518061187723268,2791,860
700505138482569216,2407,616
700462010979500032,4376,1935
700167517596164096,2799,800
700151421916807169,2365,711
700143752053182464,7954,2956
700062718104104960,2793,746
700029284593901568,2187,628
700002074055016451,3495,1448
699801817392291840,3224,1033
699788877217865730,2373,533
699779630832685056,2928,1333
699775878809702401,2072,652
699691744225525762,10834,4934
699446877801091073,6264,2807
699434518667751424,2286,546
699423671849451520,1450,354
699413908797464576,2182,664
699370870310113280,1987,472
699323444782047232,3336,926
699088579889332224,2363,676
699079609774645248,2582,706
699072405256409088,3171,1273
699060279947165696,3991,1944
699036661657767936,2754,1285
698989035503689728,3568,1061
698953797952008193,2858,971
698907974262222848,2679,667
698710712454139905,2614,734
698703483621523456,1530,406
698635131305795584,1356,366
698549713696649216,2446,662
698355670425473025,1976,486
698342080612007937,2387,1019
698262614669991936,5020,2162
698195409219559425,17695,6406
698178924120031232,2956,791
697995514407682048,1612,359
697990423684476929,3474,1389
697943111201378304,2539,743
697881462549430272,3184,1275
697630435728322560,1848,578
697616773278015490,3340,1084
697596423848730625,3209,1356
697575480820686848,2155,541
697516214579523584,2192,1216
697482927769255936,2557,724
697463031882764288,3602,1479
697270446429966336,4930,1997
697259378236399616,3465,1070
697255105972801536,3182,1244
697242256848379904,2659,714
696900204696625153,3367,1102
696894894812565505,2478,730
696886256886657024,5108,1926
696877980375769088,2575,763
696754882863349760,1556,384
696744641916489729,2182,1011
696713835009417216,2515,694
696518437233913856,4103,1821
696490539101908992,1289,156
696488710901260288,2682,1110
696405997980676096,3393,1223
696100768806522880,2046,715
695816827381944320,3175,1255
695794761660297217,3367,843
695767669421768709,1976,800
695629776980148225,4822,2257
695446424020918272,4603,1943
695409464418041856,9104,3833
695314793360662529,3853,1584
695095422348574720,2793,661
695074328191332352,3003,1189
695064344191721472,1698,645
695051054296211456,2818,846
694925794720792577,2841,981
694905863685980160,2911,1003
694669722378485760,37717,15541
694356675654983680,1594,312
694352839993344000,2151,669
694342028726001664,1666,524
694329668942569472,2119,539
694206574471057408,4427,2178
694183373896572928,3110,998
694001791655137281,3584,1110
693993230313091072,1975,435
693942351086120961,1830,398
693647888581312512,2851,637
693644216740769793,1420,137
693642232151285760,2681,447
693629975228977152,2585,861
693622659251335168,1628,398
693590843962331137,5344,2121
693582294167244802,1731,274
693486665285931008,1879,678
693280720173801472,3555,1332
693267061318012928,2529,882
693262851218264065,2357,539
693231807727280129,3026,789
693155686491000832,8333,3443
693109034023534592,1820,660
693095443459342336,1982,499
692919143163629568,2830,800
692905862751522816,2576,945
692901601640583168,1889,652
692894228850999298,2411,869
692828166163931137,3034,947
692752401762250755,7211,3907
692568918515392513,4593,1654
692535307825213440,3372,1458
692530551048294401,1950,451
692423280028966913,1559,247
692417313023332352,9860,3734
692187005137076224,2665,879
692158366030913536,2276,852
692142790915014657,1732,423
692041934689402880,3591,1369
692017291282812928,3027,1022
691820333922455552,4175,1776
691793053716221953,8562,4516
691756958957883396,3057,1100
691675652215414786,2056,547
691483041324204033,2511,608
691459709405118465,4294,1240
691444869282295808,2799,913
691416866452082688,20430,8222
691321916024623104,2716,710
691096613310316544,3133,959
691090071332753408,1804,360
690989312272396288,6243,3091
690959652130045952,3788,1353
690938899477221376,4371,2149
690932576555528194,3475,1104
690735892932222976,4001,1381
690728923253055490,2297,557
690690673629138944,2460,857
690649993829576704,1383,302
690607260360429569,305,17
690597161306841088,2079,647
690400367696297985,1980,489
690374419777196032,3444,929
690360449368465409,2797,958
690348396616552449,1592,551
690248561355657216,1776,441
690021994562220032,2957,1114
690015576308211712,2653,793
690005060500217858,3874,1813
689999384604450816,1511,403
689993469801164801,1553,491
689977555533848577,1447,481
689905486972461056,2572,746
689877686181715968,3189,1275
689835978131935233,2288,813
689661964914655233,3385,1003
689659372465688576,10953,4185
689623661272240129,2360,694
689599056876867584,12291,5951
689557536375177216,2166,496
689517482558820352,3585,1541
689289219123089408,2385,1004
689283819090870273,3485,1192
689280876073582592,2111,773
689275259254616065,1225,264
689255633275777024,2707,1164
689154315265683456,3234,1080
689143371370250240,2139,553
688916208532455424,2885,940
688908934925697024,2231,832
688898160958271489,2224,850
688894073864884227,2363,745
688828561667567616,1463,398
688804835492233216,1014,210
688789766343622656,2344,718
688547210804498433,2756,758
688519176466644993,2446,791
688385280030670848,9825,4798
688211956440801280,2351,901
688179443353796608,2236,632
688116655151435777,2980,845
688064179421470721,1823,387
687841446767013888,5780,2726
687826841265172480,2885,1216
687818504314159109,2647,1020
687807801670897665,2528,756
687732144991551489,1863,704
687704180304273409,2578,902
687664829264453632,2049,552
687494652870668288,2021,619
687480748861947905,1692,263
687476254459715584,2084,574
687460506001633280,2164,586
687399393394311168,2002,678
687317306314240000,21240,9863
687312378585812992,4605,2045
687127927494963200,5771,2466
687124485711986689,2291,544
687109925361856513,6136,2658
687102708889812993,2477,1066
687096057537363968,2373,653
686947101016735744,9098,3427
686760001961103360,3720,1483
686749460672679938,3670,1572
686730991906516992,4388,1289
686683045143953408,2973,864
686618349602762752,3889,1463
686606069955735556,2002,583
686394059078897668,1850,734
686386521809772549,3442,947
686377065986265092,2347,603
686358356425093120,2325,735
686286779679375361,4235,1794
686050296934563840,2332,788
686035780142297088,1221,131
686034024800862208,3297,1258
686007916130873345,2620,452
686003207160610816,1927,681
685973236358713344,2231,568
685943807276412928,1722,651
685906723014619143,7951,3138
685681090388975616,2147,137
685667379192414208,2476,621
685663452032069632,3441,1579
685641971164143616,3106,838
685547936038666240,34833,16917
685532292383666176,3216,1238
685325112850124800,10021,4308
685321586178670592,2803,692
685315239903100929,3547,1164
685307451701334016,2186,475
685268753634967552,3280,1300
685198997565345792,2469,718
685169283572338688,4333,1534
684969860808454144,2494,411
684959798585110529,7210,3385
684940049151070208,3404,1125
684926975086034944,3702,505
684914660081053696,3703,1572
684902183876321280,1990,571
684880619965411328,2221,883
684830982659280897,37040,23287
684800227459624960,2864,1075
684594889858887680,9440,3814
684588130326986752,4357,1514
684567543613382656,3184,1329
684538444857667585,2804,1033
684481074559381504,4087,1260
684460069371654144,2094,598
684241637099323392,8631,3563
684225744407494656,1312,229
684222868335505415,4066,1487
684200372118904832,2287,1115
684195085588783105,2030,560
684188786104872960,3680,1263
684177701129875456,2132,727
684147889187209216,3148,1618
684122891630342144,2108,514
684097758874210310,4347,1554
683857920510050305,4028,1205
683852578183077888,2033,378
683849932751646720,2774,1059
683834909291606017,2769,1196
683828599284170753,2956,1143
683773439333797890,3537,1464
683742671509258241,6877,3593
683515932363329536,7783,3138
683498322573824003,3351,1035
683481228088049664,2785,1072
683462770029932544,2575,722
683449695444799489,4120,1733
683391852557561860,8043,2577
683357973142474752,3101,1014
683142553609318400,3048,1121
683111407806746624,3593,984
683098815881154561,2291,712
683078886620553216,2094,605
683030066213818368,2277,791
682962037429899265,39078,18023
682808988178739200,1872,194
682788441537560576,2614,1207
682750546109968385,1608,472
682697186228989953,1391,387
682662431982772225,3213,1165
682638830361513985,2168,648
682429480204398592,3627,1255
682406705142087680,8011,1905
682393905736888321,2367,739
682389078323662849,1767,504
682303737705140231,3255,1077
682259524040966145,4407,1311
682242692827447297,3437,1279
682088079302213632,19339,10682
682059653698686977,5245,1830
682047327939461121,3395,1042
682032003584274432,6951,2170
682003177596559360,3323,1651
681981167097122816,2937,1111
681891461017812993,2608,892
681694085539872773,13482,4368
681679526984871937,1859,482
681654059175129088,2793,1001
681610798867845120,2014,511
681579835668455424,3741,1411
681523177663676416,15118,6278
681340665377193984,1731,302
681339448655802368,9800,4382
681320187870711809,2800,819
681302363064414209,4169,1980
681297372102656000,3371,1032
681281657291280384,3399,1188
681261549936340994,1535,297
681242418453299201,1580,585
681231109724700672,2526,521
681193455364796417,3917,1610
680970795137544192,2565,719
680959110691590145,4803,2153
680940246314430465,3400,1140
680934982542561280,2194,476
680913438424612864,2524,667
680889648562991104,1863,395
680836378243002368,3649,1431
680805554198020098,2284,715
680801747103793152,2498,894
680798457301471234,3016,1122
680609293079592961,2780,771
680583894916304897,3814,1449
680497766108381184,4470,2060
680494726643068929,1803,519
680473011644985345,2681,805
680440374763077632,1535,546
680221482581123072,1535,310
680206703334408192,2986,1267
680191257256136705,2263,546
680176173301628928,4112,1691
680161097740095489,2437,791
680145970311643136,3811,1876
680130881361686529,2416,1022
680115823365742593,2868,978
680100725817409536,3766,1475
680085611152338944,13478,9604
680070545539371008,2708,944
680055455951884288,17596,7664
679877062409191424,2073,691
679872969355714560,2293,714
679862121895714818,2588,670
679854723806179328,3019,1331
679844490799091713,2496,828
679828447187857408,38185,15119
679777920601223168,3243,1205
679736210798047232,2201,858
679729593985699840,2277,884
679722016581222400,1739,507
679530280114372609,5020,2233
679527802031484928,2783,779
679511351870550016,3550,1375
679503373272485890,3324,1596
679475951516934144,2205,687
679462823135686656,33426,20279
679405845277462528,2503,1293
679158373988876288,22622,8730
679148763231985668,2915,1107
679132435750195208,3118,1244
679111216690831360,6260,2743
679062614270468097,17962,8830
679047485189439488,2367,734
679001094530465792,2969,1326
678991772295516161,2441,1263
678969228704284672,1724,497
678800283649069056,2701,970
678798276842360832,3660,1276
678774928607469569,2931,993
678767140346941444,3709,1467
678764513869611008,1713,514
678755239630127104,7502,3555
678740035362037760,3944,1827
678708137298427904,5840,2609
678675843183484930,3018,1593
678643457146150913,2152,457
678446151570427904,4191,1686
678424312106393600,5680,2730
678410210315247616,4439,1958
678399652199309312,82180,33955
678396796259975168,1666,451
678389028614488064,1959,452
678380236862578688,2555,970
678341075375947776,1807,578
678334497360859136,1365,283
678278586130948096,12023,6509
678255464182861824,1660,398
678023323247357953,2019,415
678021115718029313,14420,6818
677961670166224897,3575,1803
677918531514703872,1410,439
677895101218201600,5054,2256
677716515794329600,3188,1034
677700003327029250,3556,1541
677698403548192770,1283,340
677687604918272002,2592,900
677673981332312066,3504,1607
677662372920729601,2039,1045
677644091929329666,1964,850
677573743309385728,2239,775
677565715327688705,1352,486
677557565589463040,2547,1244
677547928504967168,7247,3886
677530072887205888,1121,242
677335745548390400,3187,1914
677334615166730240,1422,314
677331501395156992,1139,253
677328882937298944,3796,1595
677314812125323265,1718,573
677301033169788928,1302,437
677269281705472000,2087,753
677228873407442944,3705,1745
677187300187611136,2855,985
676975532580409345,2898,1142
676949632774234114,1360,422
676948236477857792,2274,929
676946864479084545,1777,404
676942428000112642,2166,811
676936541936185344,13264,5236
676916996760600576,3092,1918
676897532954456065,2355,769
676864501615042560,2203,758
676821958043033607,24072,16648
676819651066732545,1880,705
676811746707918848,1477,451
676776431406465024,5202,2140
676617503762681856,3021,1048
676613908052996102,1140,207
676606785097199616,1963,466
676603393314578432,1224,416
676593408224403456,4772,2296
676590572941893632,957,135
676588346097852417,2437,851
676582956622721024,1256,299
676575501977128964,2701,1193
676533798876651520,1957,595
676496375194980353,1582,569
676470639084101634,12108,4961
676440007570247681,1795,710
676430933382295552,1459,365
676263575653122048,2165,581
676237365392908289,1276,312
676219687039057920,77981,32988
676215927814406144,1813,624
676191832485810177,2370,1091
676146341966438401,1995,710
676121918416756736,2229,1232
676101918813499392,2927,1230
676098748976615425,3135,1529
676089483918516224,1372,456
675898130735476737,1703,607
675891555769696257,2221,927
675888385639251968,2471,1019
675878199931371520,4344,1481
675870721063669760,1708,605
675853064436391936,2795,1377
675849018447167488,978,161
675845657354215424,2372,944
675822767435051008,1583,566
675820929667219457,1092,244
675798442703122432,10650,3587
675781562965868544,1683,503
675740360753160193,1212,367
675710890956750848,1965,878
675707330206547968,2062,736
675706639471788032,670,103
675534494439489536,1882,441
675531475945709568,1223,409
675522403582218240,1079,303
675517828909424640,1354,486
675501075957489664,17764,6150
675497103322386432,3255,1374
675489971617296384,1348,629
675483430902214656,1914,1025
675432746517426176,1583,597
675372240448454658,1759,534
675362609739206656,1085,242
675354435921575936,33970,18136
675349384339542016,4058,2388
675334060156301312,2884,1364
675166823650848770,3739,1710
675153376133427200,6506,2752
675149409102012420,3873,1775
675147105808306176,976,254
675146535592706048,1239,329
675145476954566656,2208,954
675135153782571009,1342,521
675113801096802304,2015,822
675111688094527488,996,266
675109292475830276,2889,1198
675047298674663426,1097,344
675015141583413248,2806,1264
675006312288268288,1012,238
675003128568291329,1603,501
674999807681908736,2328,1161
674805413498527744,888,371
674800520222154752,3102,904
674793399141146624,2587,1151
674790488185167872,1141,268
674788554665512960,836,219
674781762103414784,2070,1271
674774481756377088,1164,501
674767892831932416,1890,837
674764817387900928,810,251
674754018082705410,1402,470
674752233200820224,1507,487
674743008475090944,1448,582
674742531037511680,503,54
674739953134403584,1144,417
674737130913071104,664,96
674690135443775488,1186,491
674670581682434048,1668,688
674664755118911488,952,267
674646392044941312,1486,526
674644256330530816,1062,284
674638615994089473,1736,610
674632714662858753,1548,604
674606911342424069,963,103
674468880899788800,6414,2164
674447403907457024,1093,374
674436901579923456,1150,414
674422304705744896,1479,559
674416750885273600,705,147
674410619106390016,1233,485
674394782723014656,1545,603
674372068062928900,871,324
674330906434379776,579,76
674318007229923329,1454,540
674307341513269249,11661,7283
674291837063053312,15194,6182
674271431610523648,1616,764
674269164442398721,925,238
674265582246694913,1688,891
674262580978937856,1342,479
674255168825880576,1515,586
674082852460433408,777,179
674075285688614912,1004,301
674063288070742018,6549,2332
674053186244734976,3420,1363
674051556661161984,1488,504
674045139690631169,1463,670
674042553264685056,741,134
674038233588723717,1129,429
674036086168010753,868,226
674024893172875264,1836,1288
674019345211760640,1167,313
674014384960745472,1608,678
674008982932058114,1233,369
673956914389192708,2003,1010
673919437611909120,1200,383
673906403526995968,3284,1693
673887867907739649,958,263
673716320723169284,3152,795
673715861853720576,3637,2185
673711475735838725,1067,310
673709992831262724,874,284
673708611235921920,1104,300
673707060090052608,1126,406
673705679337693185,1291,414
673700254269775872,1477,596
673697980713705472,3903,2048
673689733134946305,1785,679
673688752737402881,1297,518
673686845050527744,1484,456
673680198160809984,1409,486
673662677122719744,1281,377
673656262056419329,736,253
673636718965334016,1147,380
673612854080196609,1630,752
673583129559498752,1224,385
673580926094458881,852,276
673576835670777856,1421,585
673363615379013632,1048,320
673359818736984064,1487,698
673355879178194945,1531,608
673352124999274496,1693,562
673350198937153538,760,222
673345638550134785,2593,1332
673343217010679808,999,280
673342308415348736,1302,612
673320132811366400,13823,8289
673317986296586240,888,271
673295268553605120,7703,3294
673270968295534593,1091,384
673240798075449344,1453,762
673213039743795200,2308,882
673148804208660480,1737,655
672997845381865473,2012,750
672995267319328768,977,309
672988786805112832,1001,303
672984142909456390,1280,563
672980819271634944,1856,1038
672975131468300288,1722,952
672970152493887488,974,369
672968025906282496,1344,568
672964561327235073,1456,663
672902681409806336,1398,526
672898206762672129,916,436
672884426393653248,1586,858
672877615439593473,1053,381
672834301050937345,1341,591
672828477930868736,1275,508
672640509974827008,996,334
672622327801233409,1323,514
672614745925664768,1252,606
672609152938721280,1141,404
672604026190569472,1140,419
672594978741354496,1357,627
672591762242805761,972,345
672591271085670400,746,194
672538107540070400,1053,383
672523490734551040,660,178
672488522314567680,1143,454
672482722825261057,1162,629
672481316919734272,730,128
672475084225949696,1467,725
672466075045466113,1384,559
672272411274932228,6603,3516
672267570918129665,1533,636
672264251789176834,1173,353
672256522047614977,2883,1611
672254177670729728,1467,765
672248013293752320,1765,631
672245253877968896,702,162
672239279297454080,914,330
672231046314901505,1878,1050
672222792075620352,803,219
672205392827572224,2316,1200
672169685991993344,1041,383
672160042234327040,885,371
672139350159835138,1785,744
672125275208069120,2459,1186
672095186491711488,1019,379
672082170312290304,959,378
672068090318987265,1325,533
671896809300709376,8651,4310
671891728106971137,1357,589
671882082306625538,3549,1427
671879137494245376,1452,712
671874878652489728,1277,578
671866342182637568,1150,518
671855973984772097,929,469
671789708968640512,7229,3618
671768281401958400,1222,544
671763349865160704,1720,956
671744970634719232,1379,798
671743150407421952,757,238
671735591348891648,1479,783
671729906628341761,8703,4524
671561002136281088,13128,7492
671550332464455680,938,215
671547767500775424,1384,617
671544874165002241,2032,1085
671542985629241344,1117,588
671538301157904385,947,411
671536543010570240,1207,424
671533943490011136,1043,599
671528761649688577,857,267
671520732782923777,1430,544
671518598289059840,970,302
671511350426865664,1650,753
671504605491109889,7196,3661
671497587707535361,937,461
671488513339211776,1035,486
671486386088865792,595,212
671485057807351808,780,239
671390180817915904,1451,759
671362598324076544,1136,301
671357843010908160,409,151
671355857343524864,490,117
671347597085433856,986,444
671186162933985280,752,220
671182547775299584,1152,358
671166507850801152,894,365
671163268581498880,1699,1145
671159727754231808,386,84
671154572044468225,740,226
671151324042559489,688,160
671147085991960577,691,237
671141549288370177,1199,676
671138694582165504,954,419
671134062904504320,768,200
671122204919246848,3579,2611
671115716440031232,1390,800
671109016219725825,1171,455
670995969505435648,1131,303
670842764863651840,25121,9056
670840546554966016,610,204
670838202509447168,1140,722
670833812859932673,461,128
670832455012716544,749,226
670826280409919488,5690,4214
670823764196741120,796,198
670822709593571328,628,100
670815497391357952,3246,1598
670811965569282048,1158,277
670807719151067136,1179,507
670804601705242624,2018,989
670803562457407488,350,91
670797304698376195,752,245
670792680469889025,853,288
670789397210615808,677,248
670786190031921152,615,208
670783437142401025,835,410
670782429121134593,1607,801
670780561024270336,799,297
670778058496974848,336,74
670764103623966721,1100,437
670755717859713024,456,116
670733412878163972,987,528
670727704916926465,850,375
670717338665226240,1244,512
670704688707301377,781,383
670691627984359425,602,252
670679630144274432,763,296
670676092097810432,258,45
670668383499735048,10979,5228
670474236058800128,1567,791
670468609693655041,359,87
670465786746662913,991,573
670452855871037440,562,215
670449342516494336,1221,695
670444955656130560,6867,2050
670442337873600512,661,204
670435821946826752,1077,538
670434127938719744,1437,669
670433248821026816,333,118
670428280563085312,1416,657
670427002554466305,530,170
670421925039075328,1342,660
670420569653809152,642,328
670417414769758208,581,333
670411370698022913,2077,934
670408998013820928,568,233
670403879788544000,445,163
670385711116361728,577,220
670374371102445568,759,278
670361874861563904,338,69
670338931251150849,438,114
670319130621435904,3947,1275
670303360680108032,436,139
670290420111441920,723,298
670093938074779648,1058,349
670086499208155136,714,262
670079681849372674,2275,1293
670073503555706880,1607,820
670069087419133954,648,252
670061506722140161,785,353
670055038660800512,683,342
670046952931721218,660,181
670040295598354432,771,115
670037189829525505,599,288
670003130994700288,342,96
669993076832759809,332,87
669972011175813120,455,168
669970042633789440,308,63
669942763794931712,521,173
669926384437997569,385,108
669923323644657664,242,59
669753178989142016,834,417
669749430875258880,278,67
669684865554620416,534,91
669683899023405056,398,114
669682095984410625,362,137
669680153564442624,682,299
669661792646373376,820,455
669625907762618368,3614,1875
669603084620980224,967,380
669597912108789760,523,156
669583744538451968,1521,964
669573570759163904,447,147
669571471778410496,1622,1050
669567591774625800,241,59
669564461267722241,396,128
669393256313184256,375,79
669375718304980992,1370,755
669371483794317312,509,187
669367896104181761,474,164
669363888236994561,644,237
669359674819481600,376,127
669354382627049472,2778,1316
669353438988365824,663,266
669351434509529089,449,194
669328503091937280,1032,432
669327207240699904,586,120
669324657376567296,507,214
669216679721873412,1213,416
669214165781868544,451,177
669203728096960512,1028,495
669037058363662336,676,323
669015743032369152,756,385
669006782128353280,590,260
669000397445533696,21340,6594
668994913074286592,452,241
668992363537309700,762,359
668989615043424256,698,338
668988183816871936,922,489
668986018524233728,566,173
668981893510119424,553,318
668979806671884288,811,358
668975677807423489,1336,603
668967877119254528,150,25
668960084974809088,723,248
668955713004314625,284,74
668932921458302977,273,59
668902994700836864,325,104
668892474547511297,408,156
668872652652679168,542,308
668852170888998912,464,172
668826086256599040,446,143
668815180734689280,584,282
668779399630725120,718,382
668655139528511488,543,225
668645506898350081,915,558
668643542311546881,900,546
668641109086707712,1096,557
668636665813057536,1068,504
668633411083464705,2883,1711
668631377374486528,737,327
668627278264475648,326,118
668625577880875008,398,140
668623201287675904,1478,803
668620235289837568,208,45
668614819948453888,622,324
668587383441514497,1701,1115
668567822092664832,252,58
668544745690562560,533,236
668542336805281792,472,223
668537837512433665,257,78
668528771708952576,473,232
668507509523615744,333,111
668496999348633600,421,136
668484198282485761,435,242
668480044826800133,473,153
668466899341221888,903,530
668297328638447616,634,307
668291999406125056,252,32
668286279830867968,517,142
668274247790391296,844,236
668268907921326080,564,243
668256321989451776,1334,637
668248472370458624,1013,502
668237644992782336,6350,2940
668226093875376128,304,107
668221241640230912,520,204
668204964695683073,564,200
668190681446379520,666,200
668171859951755264,503,202
668154635664932864,508,325
668142349051129856,575,295
668113020489474048,676,252
667937095915278337,1293,818
667924896115245057,307,114
667915453470232577,215,58
667911425562669056,498,311
667902449697558528,861,385
667886921285246976,1919,1122
667885044254572545,836,504
667878741721415682,401,122
667873844930215936,641,418
667866724293877760,3054,1062
667861340749471744,245,79
667832474953625600,293,63
667806454573760512,1071,512
667801013445750784,335,97
667793409583771648,711,336
667782464991965184,420,250
667773195014021121,240,58
667766675769573376,449,224
667728196545200128,381,152
667724302356258817,492,327
667550904950915073,0,35
667550882905632768,0,33
667549055577362432,5887,2339
667546741521195010,338,128
667544320556335104,881,538
667538891197542400,209,67
667534815156183040,830,552
667530908589760512,478,246
667524857454854144,1728,1138
667517642048163840,374,196
667509364010450944,6880,2176
667502640335572993,539,224
667495797102141441,532,280
667491009379606528,540,232
667470559035432960,259,100
667455448082227200,194,60
667453023279554560,319,91
667443425659232256,798,593
667437278097252352,453,244
667435689202614272,308,85
667405339315146752,473,222
667393430834667520,197,58
667369227918143488,372,167
667211855547486208,499,245
667200525029539841,621,265
667192066997374976,389,109
667188689915760640,752,424
667182792070062081,14492,6330
667177989038297088,192,55
667176164155375616,615,469
667174963120574464,247,84
667171260800061440,224,91
667165590075940865,2723,1165
667160273090932737,260,62
667152164079423490,48321,17434
667138269671505920,4665,2253
667119796878725120,331,128
667090893657276420,338,129
667073648344346624,408,124
667070482143944705,84,14
667065535570550784,167,48
667062181243039745,219,55
667044094246576128,185,51
667012601033924608,452,226
666996132027977728,247,96
666983947667116034,2575,996
666837028449972224,827,560
666835007768551424,217,80
666826780179869698,255,97
666817836334096384,523,255
666804364988780544,242,94
666786068205871104,765,488
666781792255496192,389,199
666776908487630848,351,175
666739327293083650,238,66
666701168228331520,430,219
666691418707132416,189,47
666649482315059201,1115,628
666644823164719104,232,83
666454714377183233,519,208
666447344410484738,104,20
666437273139982337,124,48
666435652385423360,165,53
666430724426358785,316,197
666428276349472768,165,83
666421158376562688,315,111
666418789513326592,123,46
666411507551481857,440,324
666407126856765440,107,40
666396247373291520,167,84
666373753744588802,186,92
666362758909284353,772,565
666353288456101888,218,71
666345417576210432,291,133
666337882303524864,197,90
666293911632134144,495,352
666287406224695296,146,64
666273097616637952,174,76
666268910803644416,102,35
666104133288665088,14189,6507
666102155909144576,80,12
666099513787052032,153,67
666094000022159362,163,73
666082916733198337,116,44
666073100786774016,319,163
666071193221509120,145,59
666063827256086533,471,216
666058600524156928,111,57
666057090499244032,294,141
666055525042405380,433,246
666051853826850816,1208,842
666050758794694657,132,59
666049248165822465,107,40
666044226329800704,296,139
666033412701032449,125,44
666029285002620928,129,47
666020888022790149,2548,508
